{
 "cells": [
  {
   "cell_type": "markdown",
   "metadata": {
    "pycharm": {
     "name": "#%% md\n"
    }
   },
   "source": [
    "# Quiz 01\n",
    "\n",
    "## Calculating parameters from the intrinsic matrix using the Naïve Aproach\n",
    "\n",
    "For doing so, we will just take a picture of a rectangle, in this case, the book's cover \"100 years of Solitude\" from Gabriel Garcia Marquez.\n",
    "\n",
    "This method is called Naive because we are calibrating the camera using only a few parameters, namely:\n",
    "<div>\n",
    "<img src=\"pictures/quiz01/naive_diagram.png\" width=\"300\"/>\n",
    "</div>\n",
    "\n",
    "Where dX and dY are the width and height of the book and dZ is the distance from the camera to the centre of the book. The camera was aligned to the centre of the book to the best of my capabilities, using a square, a ruler and the phone's internal accelerometer:\n",
    "<br/><br/>\n",
    "<div>\n",
    "<img src=\"pictures/quiz01/alignment.jpg\" width=\"300\"/>\n",
    "&nbsp;\n",
    "<img src=\"pictures/quiz01/alignment2.jpg\" width=\"300\"/>\n",
    "</div>\n",
    "\n",
    "Once I acquired the picture, the width and height of the book were measured once again on the picture space in pixels and represented by dx and dy respectively:\n",
    "\n",
    "<div>\n",
    "<img src=\"pictures/quiz01/naive_calib_gimp.png\" width=\"300\"/>\n",
    "</div>\n",
    "\n",
    "<br/><br/>\n",
    "\n",
    "$\n",
    "(dX,dY,dZ) = (140mm,\\ 210mm,\\ 300mm), (dx, dy) = (1414px,\\ 2123px) \\\\\n",
    "(cols, rows) = (4032,\\ 3024)\\\\\n",
    "\n",
    "fx = \\frac{dx}{dX}dZ = 3030px ,\\ fy = \\frac{dy}{dY}dZ = 3032px \\\\\n",
    "$\n",
    "\n",
    "So given the intrinsic matrix and doing the mentioned substitutions with the measured values, we have:\n",
    "\n",
    "<br/><br/>\n",
    "\n",
    "$\n",
    "M_{int} =\\begin{pmatrix}\n",
    "fx & 0  & \\frac{cols}{2} \\\\\n",
    "0  & fy & \\frac{rows}{2}\\\\\n",
    "0  & 0  & 1\n",
    "\\end{pmatrix} \\Rightarrow\n",
    "\n",
    "\\begin{pmatrix}\n",
    "3030  & 0      & 2016 \\\\\n",
    "0     & 3032  & 1512\\\\\n",
    "0     & 0      & 1\n",
    "\\end{pmatrix}\n",
    "$"
   ]
  },
  {
   "cell_type": "markdown",
   "metadata": {
    "pycharm": {
     "name": "#%% md\n"
    }
   },
   "source": [
    "## Using MatLab Calibration Toolbox\n",
    "\n",
    "<pre><code>\n",
    "Calibration results after optimization (with uncertainties):\n",
    "\n",
    "Focal Length:          fc = [ 2998.34967   2981.70766 ] +/- [ 181.26857   377.17289 ]\n",
    "Principal point:       cc = [ 1388.25215   2005.80761 ] +/- [ 115.90141   280.28614 ]\n",
    "Skew:             alpha_c = [ 0.00000 ] +/- [ 0.00000  ]   => angle of pixel axes = 90.00000 +/- 0.00000 degrees\n",
    "Distortion:            kc = [ 0.18996   -1.12750   0.01047   -0.03334  0.00000 ] +/- [ 0.10398   1.00100   0.01878   0.01590  0.00000 ]\n",
    "Pixel error:          err = [ 3.51625   1.73032 ]\n",
    "</pre></code>\n",
    "\n",
    "<img src=\"pictures/quiz01/matlab_error.png\" width=\"300\"/>\n",
    "<img src=\"pictures/quiz01/matlab_load.png\" width=\"300\"/>\n",
    "<img src=\"pictures/quiz01/matlab_marks.png\" width=\"300\"/>"
   ]
  },
  {
   "cell_type": "markdown",
   "source": [
    "## Python SVD and Matrix Decomposition Method\n",
    "\n",
    "Here we will use python in order to calculate the parameters.\n",
    "\n",
    "### Getting Camera Points\n",
    "To get the camera points, after the pictures were taken, a vector line was drawn on top of the image starting from the centre and spiraling on the model to get point in all 3 faces as we can see in:\n",
    "<img src=\"pictures/quiz01/python_gimp_measure.png\" width=\"400\"/>\n",
    "\n",
    "Once drawn, I exported the SVG path and the coordinates extracted from it. You can find the original SVG files at pictures/quiz01/vector_points\n",
    "\n",
    "For the world coordinates, we do have the model's measurements since we built it after all. By counting how many cells are in each direction and multiplying by the edge length, we have 3 coordinates for each point that can be found stacked up on the $ wp $ matrix. We will have a corresponding matrix with the same height with projected coordinates for each point for each photographic measurement. We are calling it here $ cp1, cp2, cp3 $ ."
   ],
   "metadata": {
    "collapsed": false,
    "pycharm": {
     "name": "#%% md\n"
    }
   }
  },
  {
   "cell_type": "code",
   "execution_count": 78,
   "metadata": {
    "pycharm": {
     "name": "#%%\n"
    }
   },
   "outputs": [],
   "source": [
    "import numpy as np\n",
    "\n",
    "wp = [[0, 0, 0],\n",
    "      [3, 0, 0],\n",
    "      [3, 0, 3],\n",
    "      [0, 0, 3],\n",
    "      [0, 3, 3],\n",
    "      [0, 3, 0],\n",
    "      [3, 3, 0]]\n",
    "\n",
    "square_size = 30 #mm\n",
    "\n",
    "wp = np.array(wp)\n",
    "wp *= square_size\n",
    "\n",
    "cp1 = [[1536.62, 1922.22, 0],\n",
    "       [1236.71, 2071.60, 0],\n",
    "       [1208.92, 1720.74, 0],\n",
    "       [1530.83, 1588.73, 0],\n",
    "       [1821.48, 1734.63, 0],\n",
    "       [1800.64, 2091.29, 0],\n",
    "       [1497.25, 2268.46, 0]]\n",
    "\n",
    "cp2 = [[1562.71, 1688.58, 0],\n",
    "       [1258.64, 1814.44, 0],\n",
    "       [1224.11, 1426.82, 0],\n",
    "       [1548.23, 1322.12, 0],\n",
    "       [1843.40, 1426.82, 0],\n",
    "       [1828.92, 1820.01, 0],\n",
    "       [1517.05, 1973.72, 0]]\n",
    "\n",
    "cp3 = [[1591.85, 2545.35, 0],\n",
    "       [1421.69, 2631.44, 0],\n",
    "       [1428.74, 2459.27, 0],\n",
    "       [1603.43, 2379.22, 0],\n",
    "       [1747.41, 2497.53, 0],\n",
    "       [1728.28, 2671.72, 0],\n",
    "       [1555.61, 2769.38, 0]]\n",
    "\n",
    "cp1, cp2, cp3 = np.array(cp1), np.array(cp2), np.array(cp3)\n"
   ]
  },
  {
   "cell_type": "markdown",
   "source": [
    "## Stacking up the parameters matrix\n",
    "\n",
    "Cominng from the world point projection,\n",
    "\n",
    "$\n",
    "\n",
    "\\begin{pmatrix}\n",
    "x^c  \\\\\n",
    "y^c  \\\\\n",
    "z^c\n",
    "\\end{pmatrix} =\n",
    "\n",
    "\\begin{pmatrix}\n",
    "fx & 0  & \\frac{cols}{2} \\\\\n",
    "0  & fy & \\frac{rows}{2}\\\\\n",
    "0  & 0  & 1\n",
    "\\end{pmatrix}\n",
    "\n",
    "\\begin{pmatrix}\n",
    "r_1^1  & r_1^2  & r_1^3 & T_x \\\\\n",
    "r_2^1  & r_2^2  & r_2^3 & T_y \\\\\n",
    "r_3^1  & r_3^2  & r_3^3 & T_z\n",
    "\\end{pmatrix}\n",
    "\n",
    "\\begin{pmatrix}\n",
    "X^w \\\\\n",
    "Y^w \\\\\n",
    "Z^w \\\\\n",
    "1\n",
    "\\end{pmatrix}\n",
    "$\n",
    "\n",
    "From what we know, the camera and world positions we want to derivate all remaining values on that matrix multiplication.\n",
    "\n",
    "Opening the previous values up, we will face something that looks kind of the following, containing all the information we have:\n",
    "$\n",
    "\\begin{pmatrix}A =\n",
    "X_1^w  & Y_1^w  & Z_1^w & 1 & 0 & 0 & 0 & 0 & -u_1X_1^w  & -u_1Y_1^w  & -u_1Z_w13 & -u_1   \\\\\n",
    "0 & 0 & 0 & 0 & X_1^w  & Y_1^w  & Z_1^w & 1 &  -v_1X_1^w  & -v_1Y_1^w  & -v_1Z_1^w & -u_1   \\\\\n",
    "\\vdots & \\vdots & \\vdots & \\vdots & \\vdots & \\vdots & \\vdots & \\vdots &\\vdots  & \\vdots &\\vdots  & \\vdots \\\\\n",
    "X_7^w  & Y_7^w  & Z_7^w & 1 & 0 & 0 & 0 & 0 & -u_1X_7^w  & -u_1Y_7^w  & -u_1Z_7^w & -u_7   \\\\\n",
    "0 & 0 & 0 & 0 & X_7^w  & Y_7^w  & Z_7^w & 1 &  -v_1X_7^w  & -v_1Y_7^w  & -v_1Z_7^w & -u_7\n",
    "\\end{pmatrix}\n",
    "$\n",
    "\n",
    "So in the following cell we will build the matrix $ A $ :\n",
    "\n"
   ],
   "metadata": {
    "collapsed": false,
    "pycharm": {
     "name": "#%% md\n"
    }
   }
  },
  {
   "cell_type": "code",
   "execution_count": 79,
   "metadata": {
    "pycharm": {
     "name": "#%%\n"
    }
   },
   "outputs": [],
   "source": [
    "no_points = len(wp)\n",
    "\n",
    "calib_pics = [cp1, cp2, cp3]\n",
    "A = []\n",
    "for cp in calib_pics:\n",
    "    for i in range(1):\n",
    "        X, Y, Z = wp[i][0], wp[i][1], wp[i][2]\n",
    "        u = cp[i][0]\n",
    "        v = cp[i][1]\n",
    "\n",
    "        A.append([X, Y, Z, 1, 0, 0, 0, 0, -u*X, -u*Y, -u*Z, -u])\n",
    "        A.append([0, 0, 0, 0, X, Y, Z, 1, -v*X, -v*Y, -v*Z, -v])\n",
    "\n",
    "A = np.matrix(A)"
   ]
  },
  {
   "cell_type": "markdown",
   "source": [
    "We can pile up all our unknown variables as a matrix acting as a vertical vector:\n",
    "$\n",
    "\\begin{pmatrix}\n",
    "p_1_1 \\\\\n",
    "p_1_2 \\\\\n",
    "p_1_3 \\\\\n",
    "p_1_4 \\\\\n",
    "p_2_1 \\\\\n",
    "p_2_2 \\\\\n",
    "p_2_3 \\\\\n",
    "p_2_4 \\\\\n",
    "p_3_1 \\\\\n",
    "p_3_2 \\\\\n",
    "p_3_3 \\\\\n",
    "p_3_4\n",
    "\\end{pmatrix}\n",
    "$\n",
    "\n",
    "that we want to nullify our matrix completing the equations we started with:\n",
    "\n",
    "$\n",
    "A *\n",
    "\\begin{pmatrix}\n",
    "p_1_1 \\\\\n",
    "\\vdots \\\\\n",
    "p_3_4\n",
    "\\end{pmatrix}\n",
    "=\n",
    "\\begin{pmatrix}\n",
    "0 \\\\\n",
    "\\vdots \\\\\n",
    "0\n",
    "\\end{pmatrix}\n",
    "$\n",
    "\n",
    "From here on, things start to get very confusing to me, which is why I believe the numbers I am getting are all messed up.\n",
    "\n",
    "I remember that we will take the Lagrangian to solve the equation because it does have the same form, and to find the $ min $ we must find the first derivative that somehow can be found using the eigenvectors and eigenvectors. I tried until the last minute a few different arrangements, but there is definitely something I am missing."
   ],
   "metadata": {
    "collapsed": false,
    "pycharm": {
     "name": "#%% md\n"
    }
   }
  },
  {
   "cell_type": "code",
   "execution_count": 80,
   "outputs": [
    {
     "data": {
      "text/plain": "matrix([[-0.34052828,  0.45921467, -0.09144059, -0.73087309,  0.36039667,\n         -0.02719865],\n        [-0.42598058, -0.34993603, -0.26873325,  0.35875207,  0.70359002,\n          0.01121612],\n        [-0.34631005,  0.45921467, -0.05027121,  0.33840695, -0.1845004 ,\n          0.71979468],\n        [-0.37420394, -0.34993603, -0.63741135, -0.22531629, -0.52867912,\n         -0.03088546],\n        [-0.35276773,  0.45921467, -0.00428902,  0.39246614, -0.17589626,\n         -0.69259603],\n        [-0.56407156, -0.34993603,  0.71455038, -0.13343578, -0.17491089,\n          0.01966934]])"
     },
     "execution_count": 80,
     "metadata": {},
     "output_type": "execute_result"
    }
   ],
   "source": [
    "U, S, Vt = np.linalg.svd(A, full_matrices=False)\n",
    "\n",
    "S = np.matrix(S)\n",
    "U\n"
   ],
   "metadata": {
    "collapsed": false,
    "pycharm": {
     "name": "#%%\n"
    }
   }
  },
  {
   "cell_type": "markdown",
   "source": [
    "Finally, this should be the moment where we manage to decompose our parameters' matrix on the product of our intrinsic and extrinsic matrixes.\n",
    "\n",
    "$\n",
    "\n",
    "\\begin{pmatrix}\n",
    "p_1_1 & p_1_2 & p_1_3 & p_1_4 \\\\\n",
    "p_2_1 & p_2_2 & p_2_3 & p_2_4 \\\\\n",
    "p_3_1 & p_3_2 & p_3_3 & p_3_4\n",
    "\\end{pmatrix}\n",
    "\n",
    "= \\begin{pmatrix}\n",
    "fx & 0  & \\frac{cols}{2} \\\\\n",
    "0  & fy & \\frac{rows}{2}\\\\\n",
    "0  & 0  & 1\n",
    "\\end{pmatrix} * M_e_x_t\n",
    "\n",
    "$"
   ],
   "metadata": {
    "collapsed": false,
    "pycharm": {
     "name": "#%% md\n"
    }
   }
  },
  {
   "cell_type": "code",
   "execution_count": 81,
   "outputs": [
    {
     "name": "stdout",
     "output_type": "stream",
     "text": [
      "[[ 1.50180745e-07 -3.83837352e-04 -5.33817311e-05 -7.53065056e-17\n",
      "  -2.25568386e-20 -9.99999925e-01]\n",
      " [-3.83837352e-04  9.99999853e-01 -2.04899054e-08 -2.89054541e-20\n",
      "  -8.65815850e-24 -3.83837381e-04]\n",
      " [-5.33817311e-05 -2.04899054e-08  9.99999997e-01 -4.01999224e-21\n",
      "  -1.20412327e-24 -5.33817352e-05]\n",
      " [-7.53065056e-17 -2.89054541e-20 -4.01999224e-21  1.00000000e+00\n",
      "  -1.69867695e-36 -7.53065113e-17]\n",
      " [-2.25568386e-20 -8.65815850e-24 -1.20412327e-24 -1.69867695e-36\n",
      "   1.00000000e+00 -2.25568403e-20]\n",
      " [-9.99999925e-01 -3.83837381e-04 -5.33817352e-05 -7.53065113e-17\n",
      "  -2.25568403e-20  0.00000000e+00]]\n"
     ]
    }
   ],
   "source": [
    "import scipy.linalg as linalg\n",
    "\n",
    "K, R = linalg.rq(S)\n",
    "print(R)\n",
    "\n",
    "R = T * R\n",
    "\n"
   ],
   "metadata": {
    "collapsed": false,
    "pycharm": {
     "name": "#%%\n"
    }
   }
  },
  {
   "cell_type": "markdown",
   "source": [],
   "metadata": {
    "collapsed": false,
    "pycharm": {
     "name": "#%% md\n"
    }
   }
  },
  {
   "cell_type": "markdown",
   "source": [
    "## Conclusion\n",
    "\n",
    "Using the [avfoundation.avcameracalibrationdata.intrinsicmatrix](https://developer.apple.com/documentation/avfoundation/avcameracalibrationdata/2881135-intrinsicmatrix) property from iOS I found out that for that camera the expected matrix wa supposed to be $\n",
    "\\begin{pmatrix}\n",
    "2986.5 & 0  & 1155.978 \\\\\n",
    "0  & 2986.5 & 1560.034 \\\\\n",
    "0  & 0  & 1\n",
    "\\end{pmatrix}\n",
    "$ for the main camera on the iPhone 11 pro used on this assignment.\n",
    "\n",
    "It seems that giving all Naive method wobbly nature quite close of a match, most likely linked with the imperfect alignment of the central point.\n",
    "\n",
    "For the MatLab calibration, if anything, I would blame the error to the imperfect flatness on the model and the fact that I used a 4x5 grid to calibrate, that said numbers were not too far, but std deviation was above pixel size, what isn't good.\n",
    "\n",
    "Unfortunately, I couldn't figure out my own calibration method before the deadline  for the assignment, but I will definitely try to find help to find out what was I missing after all."
   ],
   "metadata": {
    "collapsed": false,
    "pycharm": {
     "name": "#%% md\n"
    }
   }
  }
 ],
 "metadata": {
  "kernelspec": {
   "display_name": "Python 3 (ipykernel)",
   "language": "python",
   "name": "python3"
  },
  "language_info": {
   "codemirror_mode": {
    "name": "ipython",
    "version": 3
   },
   "file_extension": ".py",
   "mimetype": "text/x-python",
   "name": "python",
   "nbconvert_exporter": "python",
   "pygments_lexer": "ipython3",
   "version": "3.9.12"
  }
 },
 "nbformat": 4,
 "nbformat_minor": 1
}